-1.333227984908603503e+00 -1.971400633605662733e+01 -5.000146598712717605e+00 -8.521572245125071277e+00 -1.607421764802836606e+01 -1.980747469918924253e+00 -4.489039025249553561e+00 -2.145458298007952180e+00 -1.009970596974198997e+01 -2.041174617489889442e+01 -2.220761058233392760e+01 -1.377023474536599679e+00 -7.697404089974384078e+00 -1.639371151327372900e+01 -1.586218691917463275e+01 -1.558730339485123295e+00 -1.569464797512125642e+01
-4.742738713372887105e+00 -2.239274798683402423e+01 -6.734608901956562477e-02 -1.138743140696158207e+01 -1.764225498856251306e+01 -3.166505597796117399e+00 -5.668396270668154102e+00 -4.803604639566856349e+00 -1.485065582045376686e+01 -2.409356573211505292e+01 -2.241401273336111899e+01 -7.105038150070754455e+00 -1.053838714086521122e+01 -2.038379739581387184e+01 -1.630161722225238918e+01 -6.348008425017610534e+00 -1.923148555160582873e+01
-4.348838056693466569e+00 -2.213255111712669532e+01 -1.244116733561213550e-01 -1.123416321590650568e+01 -1.807669117138607362e+01 -2.919488879707728302e+00 -7.551869141135966856e+00 -3.351593687386412057e+00 -1.227720384333144921e+01 -2.337630669282702911e+01 -2.201719209377790776e+01 -4.302310845657302707e+00 -1.071404559786083155e+01 -1.860235836687888877e+01 -1.547584174514076949e+01 -6.938735074499959410e+00 -1.903410583288780344e+01
-2.208444364834576845e+00 -1.855254921549396840e+01 -9.304814297462371542e-01 -8.806605442196428157e+00 -1.518829877095708980e+01 -9.650494043499975305e-01 -3.689213833632834394e+00 -4.977951546644135306e+00 -1.095203664976531854e+01 -2.112259192270812491e+01 -1.883959554746024878e+01 -3.460845282519017019e+00 -7.621441022956673805e+00 -1.618444068951157533e+01 -1.484632919659429717e+01 -2.978687783403870526e+00 -1.742601209937890872e+01
-6.490218255065769881e+00 -2.096252995266922881e+01 -6.140651762973448058e-02 -1.168979015262573284e+01 -1.802653845720237769e+01 -3.630003131378202852e+00 -5.704752453848072946e+00 -3.957960208697159032e+00 -1.469277046251920638e+01 -2.307700179153300724e+01 -2.079080764775505941e+01 -5.394942351289728322e+00 -1.082970105298147701e+01 -1.826373517908371014e+01 -1.736364870291981788e+01 -5.398240649899776145e+00 -1.811496062281867125e+01
-4.593671759062999627e+00 -2.035404017882433436e+01 -8.939852019170757558e-02 -1.306821444193019488e+01 -1.725851001989224187e+01 -3.284451122002451484e+00 -6.479764194639869856e+00 -4.141569339835086794e+00 -1.491500409543789374e+01 -2.203470614715627107e+01 -2.095842756625302172e+01 -4.783785835923254126e+00 -1.194871104750609447e+01 -1.999519589506769535e+01 -1.616315364696242796e+01 -4.411516476601036629e+00 -1.785048510179797177e+01
-6.220793628277078824e+00 -1.990604325045228506e+01 -7.743158830760421552e-02 -1.045538237286928052e+01 -1.717399808342850065e+01 -3.324482845171473855e+00 -7.836994061067116490e+00 -4.096761645419178421e+00 -1.216616075817069031e+01 -2.111708900376436304e+01 -2.043493248438721821e+01 -4.966074381207704391e+00 -1.402018264653133883e+01 -1.794448594058565050e+01 -1.466144294920945867e+01 -4.381721895883970319e+00 -1.766356652628962820e+01
-6.102261309622463159e+00 -1.982461022717745891e+01 -6.534594834511153749e-02 -9.944533126074929896e+00 -1.759110353580786068e+01 -4.608400330148924695e+00 -7.348875571587427658e+00 -3.275841005413553830e+00 -1.214869249011189822e+01 -2.232393237913549910e+01 -1.899743986547196073e+01 -5.859064508432425100e+00 -8.890528760796314600e+00 -1.763441654155144533e+01 -1.425471837495138061e+01 -4.648384361079820337e+00 -1.650943254074093147e+01
-4.494088140405210652e+00 -1.971568105288054085e+01 -8.588599803749730199e-02 -1.136203929649650490e+01 -1.656317828006785930e+01 -5.175328360615822021e+00 -4.648265867658324169e+00 -3.779369006043907575e+00 -1.127617980983848156e+01 -2.063468906946161496e+01 -1.880860650976126180e+01 -4.185472289011158864e+00 -9.750021924373072579e+00 -1.678284234055956858e+01 -1.483848492519939555e+01 -4.030895595098968442e+00 -1.594082229770560843e+01
-3.826663222809202125e+00 -1.793145486165417424e+01 -2.051462964927850408e-01 -8.940246836903838812e+00 -1.562122579761205543e+01 -2.728514557746052560e+00 -4.428299396378520214e+00 -3.623542674274631281e+00 -1.201749237530998471e+01 -1.889531426017038029e+01 -2.087751635872484712e+01 -3.266925168898183074e+00 -6.881962295144035124e+00 -1.515387340101483460e+01 -1.434981270853791102e+01 -3.889139487055103928e+00 -1.636831081802813515e+01
-3.569420185133367340e+00 -1.666602178620007635e+01 -4.637487258623878006e-01 -8.434332516160566229e+00 -1.360956946393298495e+01 -1.844549609806335866e+00 -3.490959217198565057e+00 -2.175360100787088413e+00 -1.009016323323044162e+01 -2.077299025898287255e+01 -1.679395924792822825e+01 -7.299762599877453795e+00 -9.997800031339579618e+00 -1.404057277820527361e+01 -1.179006406997132217e+01 -3.224374393763241642e+00 -1.446888248266043320e+01
-1.908674411043534747e+00 -1.581376847741455549e+01 -1.269165631242344716e+00 -8.558992565635207939e+00 -1.366961066460669372e+01 -1.803175492467403274e+00 -3.222074542131053931e+00 -1.322047168162839625e+00 -9.185985753113413921e+00 -1.721316815361444696e+01 -1.615037594370767238e+01 -2.700727587522919748e+00 -6.250976596748273550e+00 -1.525547214891537351e+01 -1.199221318094134858e+01 -3.505473190325915311e+00 -1.363312915802396219e+01
-2.385710871616083750e+00 -1.604140236170735534e+01 -7.284692717227017056e-01 -8.734012299188634643e+00 -1.486442793497440107e+01 -1.523634348964606033e+00 -5.640428905644512270e+00 -2.145434139564599718e+00 -9.585091753490473820e+00 -1.736204487327722745e+01 -1.620851766244618375e+01 -4.643143452121421433e+00 -9.840873500561997389e+00 -1.389918957464681171e+01 -1.278235730668222914e+01 -2.564899016532422138e+00 -1.437012752601765442e+01
-3.314724093905056179e+00 -1.742045698121887654e+01 -1.429482489277233981e-01 -8.209720356113848538e+00 -1.424486215352010277e+01 -3.352375589366943132e+00 -4.424632683155550694e+00 -4.685529178756723923e+00 -9.842233998668689310e+00 -1.830815744776225529e+01 -2.091167953689375736e+01 -3.920191409614290023e+00 -8.753986153025152817e+00 -1.577826576209577070e+01 -1.337744539050515868e+01 -3.895846097331286728e+00 -1.432777139125880694e+01
-4.441136871299136146e+00 -1.809992173126067883e+01 -1.069696394566790332e-01 -8.014329831449913399e+00 -1.514115599278113677e+01 -4.016489063048425123e+00 -4.499893792647071677e+00 -3.803574464654161602e+00 -9.920565355023768461e+00 -1.739049273420096142e+01 -1.803109649651639756e+01 -3.532582352336021358e+00 -6.972015669358256673e+00 -1.644874862851338548e+01 -1.163460381935408350e+01 -4.867697684850782025e+00 -1.719977400090340325e+01
-4.833372847741884470e+00 -1.693261436496618444e+01 -1.364066251310305233e-01 -1.288712911195955257e+01 -1.345443089829302608e+01 -2.845286284350891037e+00 -4.436460497341386144e+00 -3.325271776348927233e+00 -1.135847724335837938e+01 -1.744570357019620133e+01 -1.565744908348699482e+01 -4.696691838177002865e+00 -8.346247253331739557e+00 -1.677574219487564733e+01 -1.199485632259722934e+01 -5.460960410877646609e+00 -1.549824404721641713e+01
-5.354962401682882955e+00 -1.594199169479691136e+01 -1.657618038128703120e-01 -8.141385140070610760e+00 -1.399059009102609252e+01 -2.888902411364256295e+00 -6.574309523107444875e+00 -3.350745843284357761e+00 -9.539927257210706557e+00 -1.653620667480322481e+01 -1.597700399996949727e+01 -3.733423809404371241e+00 -1.220178807344882443e+01 -1.408283530785183757e+01 -1.135241614666813348e+01 -3.453264488184913716e+00 -1.355694152514854522e+01
-4.398593865870452646e+00 -1.619239849431392031e+01 -1.838872935453537139e-01 -9.014103145310627951e+00 -1.325805388427613707e+01 -3.230192272213230353e+00 -3.836450693082952057e+00 -2.646273336311878666e+00 -8.747863952449279168e+00 -1.616894321591553307e+01 -1.527050157023745669e+01 -4.178822265291842086e+00 -6.821294979882395637e+00 -1.243542643740670428e+01 -1.244096399361592375e+01 -4.970213213154465848e+00 -1.322454449310737346e+01
-1.627440849623781105e+00 -1.314031851870197443e+01 -1.870814860831956139e+00 -8.466600898033789235e+00 -1.304885819753417309e+01 -2.400159759429925543e+00 -3.441677167013949656e+00 -1.223372399201252847e+00 -6.975374527949270487e+00 -1.412410183532654173e+01 -1.306305707655917558e+01 -4.650766002820546419e+00 -4.783066102367342864e+00 -1.207600182108910758e+01 -1.038638145152663128e+01 -1.544208250978840624e+00 -1.056876655838391343e+01
-2.084885682460708267e+00 -1.279535024087897455e+01 -8.204061073425918948e-01 -5.749948733087308028e+00 -1.080544566151684194e+01 -1.847987832705825895e+00 -4.279633088124228379e+00 -2.078253932124994208e+00 -7.597394615486223302e+00 -1.573828933997594959e+01 -1.365849140688942498e+01 -3.047367882497837854e+00 -5.428939616450179528e+00 -1.113630776007914847e+01 -9.428271086935296807e+00 -2.486575712024659879e+00 -1.206359106690035787e+01
-3.128796522610286956e+00 -1.521882384254695353e+01 -2.185440729408583138e-01 -8.334615710296702673e+00 -1.264751503089485141e+01 -3.444595352920373443e+00 -5.770750580737967539e+00 -2.587388601583484160e+00 -8.976891636265008856e+00 -1.643836897023140864e+01 -1.351893782506385833e+01 -3.332799308360790747e+00 -6.744395341058634585e+00 -1.184937060109587037e+01 -1.073583499300627864e+01 -5.295210751484773937e+00 -1.242713351245959075e+01
-6.086486151343365236e+00 -1.329942484636899280e+01 -1.898583420022532664e-01 -8.078183286519561079e+00 -1.119367308420896734e+01 -2.848266592068171121e+00 -4.289126445598412829e+00 -2.718720583533922763e+00 -8.039032386199323810e+00 -1.517972120055424057e+01 -1.352260587276077786e+01 -3.607817479168261343e+00 -5.968276562392134110e+00 -1.511996294235439109e+01 -9.951883437015112577e+00 -5.934487876554612740e+00 -1.106266731186178731e+01
-1.745276598777081745e+00 -1.195074596282859147e+01 -1.123273596416197506e+00 -5.799952480539332100e+00 -1.110701077002909187e+01 -2.949927080727320572e+00 -2.846995038139425560e+00 -1.475418253482303044e+00 -7.088070460041649312e+00 -1.317485715457860351e+01 -1.179681712302146934e+01 -2.595206396549542660e+00 -6.084688524438206514e+00 -1.059504161780262166e+01 -1.006631907035523454e+01 -2.522771461334627929e+00 -1.015439058465528888e+01
-2.008052800279983785e+00 -1.168401901153890776e+01 -6.078254821113660000e-01 -6.175360815102294509e+00 -1.060480800209904828e+01 -2.560971076603436813e+00 -3.377399538985514482e+00 -3.211436092389931218e+00 -9.094925337141148702e+00 -1.334801627320757689e+01 -1.338789532889290967e+01 -2.528065022735972889e+00 -6.658033506136803226e+00 -1.077452329975426437e+01 -1.202789584235597431e+01 -2.451734975948966166e+00 -9.799981961743924330e+00
-2.117101003940774717e+00 -1.201739087814462437e+01 -6.074086029401541964e-01 -6.559483964673859191e+00 -1.150058601574801287e+01 -2.824723047323800529e+00 -1.004538992697871436e+01 -2.263611440783165563e+00 -8.492523596008027198e+00 -1.398009064905352261e+01 -1.123988064405750720e+01 -2.418761982773503405e+00 -5.694355113567667104e+00 -9.087806122039864931e+00 -9.886045661763205317e+00 -2.560331385631343437e+00 -1.060062880667737772e+01
-4.792283755948915314e+00 -1.129850847597128904e+01 -3.420112797937235882e-01 -6.138915844767211638e+00 -1.047540869771330563e+01 -2.211241265681792356e+00 -4.127947140868855058e+00 -3.542951063358259489e+00 -8.589314019515313703e+00 -1.424608640883604949e+01 -1.171912387040219983e+01 -2.893013619625662614e+00 -1.027020899114836539e+01 -9.554128030468518773e+00 -8.483748447764014600e+00 -2.679252990891086483e+00 -1.043077008058537558e+01
-2.538864092903622804e+00 -1.079879547547432139e+01 -7.591391705758496755e-01 -5.538700445453741850e+00 -1.095135812887201610e+01 -2.246658665472409666e+00 -3.348968920432639607e+00 -2.910050902146053886e+00 -8.364126023310745950e+00 -1.105453185755743561e+01 -1.345904310068192444e+01 -1.726422381299130393e+00 -4.362461811707930792e+00 -8.646978298578801514e+00 -9.038771458304381667e+00 -2.773989260571738669e+00 -1.024024348035527510e+01
-3.303174751587334868e+00 -9.760849116370422962e+00 -9.322988557605640381e-01 -6.179824280434900174e+00 -8.866086373767643636e+00 -1.263591377165653284e+00 -4.232655037083645766e+00 -1.460500840969757519e+00 -6.148069677547823630e+00 -1.061143269821570811e+01 -9.825089307775328962e+00 -3.764750459077731648e+00 -5.468263413437171039e+00 -7.826730035956302345e+00 -7.570060699530472448e+00 -4.915979746743801115e+00 -8.546946417491312786e+00
-4.355443021941368897e+00 -1.119778310896595030e+01 -5.524595532247076335e-01 -7.246303190092135083e+00 -9.643766660955066072e+00 -1.800554404616718784e+00 -3.045505123142447701e+00 -7.227703826230367667e+00 -8.547772624535923569e+00 -1.078602169963619417e+01 -9.471454928737784940e+00 -2.230762090348093807e+00 -4.534940397493187447e+00 -9.431866814194904691e+00 -1.123147259046379531e+01 -2.542184796497394927e+00 -9.430274932164707025e+00
-1.603930895881148899e+00 -1.014901271530970917e+01 -1.951133299932507725e+00 -4.311807840292090077e+00 -8.801268466672354407e+00 -5.148331306830755238e+00 -2.698512987674803298e+00 -1.524439968965452863e+00 -6.148611923667317569e+00 -1.247955874606111593e+01 -8.675682648979432088e+00 -2.250022776335185881e+00 -6.099932985261375507e+00 -7.817246872327814344e+00 -7.142929707258076633e+00 -1.424875466526145829e+00 -7.348187217877125477e+00
-4.380422121772994615e+00 -9.728488095930288182e+00 -5.631020533226092084e-01 -5.763728406294148954e+00 -8.521940688198810676e+00 -2.403922957112172298e+00 -3.396076549963936486e+00 -2.933509492202006186e+00 -5.705990697526431177e+00 -1.233023414703870912e+01 -9.360223273294650426e+00 -2.319165220431841590e+00 -5.006764080764355640e+00 -8.040077581114701388e+00 -8.185207087945855164e+00 -2.052917831590320930e+00 -8.878724619723925571e+00
-4.389810092929110397e+00 -9.034757168051214649e+00 -5.324232547768588120e-01 -5.101221067516348739e+00 -8.543243296719083446e+00 -1.895867588014880312e+00 -3.709149177009862797e+00 -3.551585970578230445e+00 -7.022770850793222053e+00 -1.124812076836190045e+01 -9.130612332866917313e+00 -2.620184060755263999e+00 -9.067203248011082906e+00 -8.117587781754195930e+00 -6.845961945776366520e+00 -2.161950819099274668e+00 -8.225051158692849640e+00
-2.222761508195048918e+00 -9.944527355535569768e+00 -5.419973221374903005e-01 -5.981911961272771805e+00 -8.762331316521795088e+00 -2.695871581316509946e+00 -4.822261218341509448e+00 -2.181747210866660680e+00 -6.094052255824067288e+00 -1.056766480635849348e+01 -7.925423059619333799e+00 -2.480390522857078395e+00 -4.422754512983146924e+00 -7.951589919456182542e+00 -7.250314004699248471e+00 -3.950987421431932489e+00 -7.965352541516494966e+00
-2.120595256452588728e+00 -7.840898440389764801e+00 -8.493717998823058224e-01 -4.104987760005087694e+00 -7.222106241963956563e+00 -1.792627958586308523e+00 -4.627739289964324598e+00 -2.350723701946776600e+00 -5.210927262460472775e+00 -1.070231149578410168e+01 -1.071459730169999602e+01 -2.757717230947037024e+00 -4.025638056876346127e+00 -8.403319725847723021e+00 -6.898806107687732947e+00 -2.608553456327513231e+00 -6.515965526117042828e+00
-2.475008642458305985e+00 -8.214808341937214209e+00 -7.694792471592108996e-01 -7.006466106385801140e+00 -7.557205144995350565e+00 -2.016030964012770710e+00 -3.603494056693307357e+00 -2.722724482685521252e+00 -7.731645048210225468e+00 -8.008410101176195894e+00 -8.104943254444492595e+00 -2.426268917774905276e+00 -6.599580259137155736e+00 -9.579548233255195555e+00 -7.129626636466127820e+00 -2.023355442904858137e+00 -7.017510590741267151e+00
-1.898360293015457501e+00 -6.871893058577938973e+00 -1.128522123697280222e+00 -4.197488626213498719e+00 -9.080226787819583478e+00 -1.753088441713543943e+00 -3.297046303754655128e+00 -2.640843014575807501e+00 -6.692024589360926257e+00 -7.279935579371795029e+00 -8.855837292089518087e+00 -3.185523428364376741e+00 -3.275038391449015762e+00 -6.899654257358065479e+00 -7.572631235537301109e+00 -1.934283237289605495e+00 -6.397997444281486423e+00
-4.357549260226278420e+00 -6.939733591009598968e+00 -8.077856538272953912e-01 -4.397410203200365686e+00 -6.761087854206721204e+00 -1.732107836889781538e+00 -3.175232875156552836e+00 -3.529025539480699081e+00 -5.787520011840797451e+00 -8.921362279800746364e+00 -6.950645733668238790e+00 -2.421675827015292271e+00 -7.902119620662119814e+00 -6.394618753601434946e+00 -5.670451956043507380e+00 -1.720360458697996364e+00 -6.527159465395584448e+00
-4.914786585855495105e+00 -6.333413666259048114e+00 -7.396509511917201962e-01 -4.712245190125145200e+00 -7.384603877510471648e+00 -1.971452238229971954e+00 -2.477798809434943905e+00 -2.621646191640024881e+00 -4.337930350094325149e+00 -7.698726572307691640e+00 -6.708950761358664749e+00 -3.304242566747461751e+00 -4.243385397570705209e+00 -8.243617512010018800e+00 -6.927541603704071349e+00 -1.973941577490563759e+00 -6.137092275110944684e+00
-2.351134233096331627e+00 -5.976885679601537049e+00 -1.258263100684303026e+00 -3.577010339314369958e+00 -6.103924233781981457e+00 -2.873609353796155119e+00 -3.097634179738179228e+00 -2.158563322356258141e+00 -4.058805817268421379e+00 -6.941572895460808468e+00 -5.878723769110479225e+00 -3.135393680673814742e+00 -3.131582430420053242e+00 -5.858162462430186679e+00 -4.984971318144630459e+00 -1.399832303189441518e+00 -5.080056903482727648e+00
-1.767295493555707253e+00 -5.622815398764032579e+00 -1.865586709827880441e+00 -6.994739168479213731e+00 -4.760755294641739965e+00 -1.431901805886241164e+00 -3.092944550761444589e+00 -2.044607316990891377e+00 -3.342013918855059273e+00 -6.219801813506933286e+00 -4.616618724958129860e+00 -1.988423610317227030e+00 -3.980493423601387804e+00 -4.695321842709063276e+00 -5.289117145030218126e+00 -3.968273438341611836e+00 -4.444965514920568239e+00
-2.276098593100982725e+00 -5.351487059049645723e+00 -1.965809964745176330e+00 -4.697174556261643374e+00 -6.072137868282538875e+00 -1.797455702327965810e+00 -2.975243902123224871e+00 -2.276677668868160254e+00 -4.005824166602110381e+00 -5.543262219317284689e+00 -4.757630215549625063e+00 -2.060728423887212557e+00 -2.963434422828868264e+00 -6.209636472222882730e+00 -7.983658608210816965e+00 -1.607710712543735099e+00 -4.675853010568971513e+00
-4.300793397881193414e+00 -4.851350405006201072e+00 -1.157728860766155776e+00 -3.604206861036800547e+00 -4.803200706366965278e+00 -1.765272498734361761e+00 -2.976677287684424300e+00 -3.460056749154318823e+00 -4.793749782066242915e+00 -6.960034490482485126e+00 -5.097666646005563962e+00 -2.166981976635952378e+00 -7.248973882956761372e+00 -4.666982654292382904e+00 -4.303212383230857085e+00 -1.539448860161314769e+00 -4.895120966982858590e+00
-2.704542685256456025e+00 -4.424087376577404029e+00 -1.211415580002153547e+00 -3.863839374627332290e+00 -4.513945694472795367e+00 -1.842038780238908657e+00 -2.222181339794929045e+00 -2.409167308896371651e+00 -3.906180161554516417e+00 -4.809894253687957644e+00 -6.022482596783561348e+00 -4.625063939043798200e+00 -3.758972142721745513e+00 -4.759682497268272527e+00 -5.395917435105957338e+00 -1.986844276246301888e+00 -3.882056681054677938e+00
-1.911584544288302823e+00 -5.648685331863589454e+00 -2.808768399150721962e+00 -3.725788102981141492e+00 -3.824210900201137520e+00 -4.406929569187354900e+00 -2.316612859078986730e+00 -1.538460044647308678e+00 -2.531869101753954965e+00 -3.695028585437171387e+00 -4.825149879729679014e+00 -2.441080383375151541e+00 -2.050939251209683789e+00 -3.261433740877009768e+00 -6.614478070771042439e+00 -3.753859349982917593e+00 -3.659421941154619162e+00
-2.089761169096732374e+00 -3.554940961633292318e+00 -1.640266872827737643e+00 -6.717811637516660994e+00 -3.964521856648161702e+00 -2.118624491843888791e+00 -2.120541784539227592e+00 -2.897726268549149609e+00 -2.928023269056438949e+00 -5.979578741530417574e+00 -3.695790260226317514e+00 -3.184745650690729235e+00 -6.739853806902829092e+00 -4.791567558064571131e+00 -6.003289462791485676e+00 -1.724044869032809402e+00 -3.660160176058298021e+00
-3.998345003637041373e+00 -3.825718623043599109e+00 -2.842386451534252956e+00 -3.220163684508975166e+00 -3.398391041541913182e+00 -1.780221162161183202e+00 -4.705630690227508239e+00 -2.973439043093435430e+00 -2.407747801464552140e+00 -3.347649895882227611e+00 -3.126807421196645009e+00 -3.138189341754241468e+00 -2.368485416787734721e+00 -2.633727014475653050e+00 -2.930652888564736713e+00 -2.119545394621354717e+00 -3.033799486546627122e+00
-5.806310066117134738e+00 -5.446677349757464981e+00 -1.703659120242718927e+00 -2.782421385474094677e+00 -3.436855567318389149e+00 -2.101135095482618453e+00 -2.169610106914660719e+00 -2.562971587781248672e+00 -3.686523939014250573e+00 -3.418785998319890496e+00 -4.195606247200430516e+00 -2.047633274211079879e+00 -5.616302499732455544e+00 -4.510284368494808405e+00 -3.563977770744827467e+00 -2.216484353376245053e+00 -3.013248260959926483e+00
-4.306064832797801500e+00 -3.730988481967983716e+00 -2.774379647415230465e+00 -5.196480913820778369e+00 -3.605962502366992339e+00 -2.392105524087924096e+00 -2.269055047057804586e+00 -2.061071507746987663e+00 -2.368178875155535934e+00 -3.136742676621793180e+00 -3.992362477672713794e+00 -4.630358766191875475e+00 -2.185917039583387123e+00 -3.200089734972834776e+00 -3.271378967675786953e+00 -2.116356352489106030e+00 -2.681576798962396424e+00
-3.533981169029971170e+00 -3.164941842162079411e+00 -4.196523620098218998e+00 -2.591514285124389971e+00 -3.125853942331445978e+00 -3.188128007724458257e+00 -2.033682375134731046e+00 -2.250226522597358780e+00 -2.737997248492661129e+00 -4.928075153347435844e+00 -2.302475742469141551e+00 -2.613527457259806397e+00 -3.508701313406390909e+00 -2.642084670554254444e+00 -3.236996172993144683e+00 -2.132329366988869879e+00 -4.339249895120474321e+00
